0 0.77890625 0.4552083333333333 0.15156250000000002 0.49374999999999997
0 0.9226562500000001 0.396875 0.0328125 0.10625
0 0.55625 0.4791666666666667 0.153125 0.5
0 0.46796875000000004 0.490625 0.1421875 0.46041666666666664
0 0.45937500000000003 0.55625 0.1 0.325
0 0.30312500000000003 0.496875 0.178125 0.58125
0 0.23750000000000002 0.4927083333333333 0.12812500000000002 0.41875
0 0.134375 0.509375 0.2 0.6479166666666667
0 0.19140625 0.46875 0.1171875 0.37916666666666665
0 0.045312500000000006 0.48333333333333334 0.13125 0.425
