0 0.06328125 0.4041666666666667 0.0484375 0.15833333333333333
0 0.18359375 0.39375 0.0328125 0.10833333333333334
0 0.6921875000000001 0.38958333333333334 0.028125 0.09166666666666666
0 0.7109375 0.3885416666666667 0.028125 0.08958333333333333
0 0.7515625 0.39166666666666666 0.034375 0.1125
0 0.8046875 0.38958333333333334 0.03125 0.1
0 0.7953125000000001 0.3927083333333333 0.034375 0.11041666666666666
0 0.83359375 0.4010416666666667 0.029687500000000002 0.09791666666666667
0 0.8968750000000001 0.384375 0.034375 0.11041666666666666
0 0.9226562500000001 0.38645833333333335 0.035937500000000004 0.11458333333333333
0 0.95859375 0.39166666666666666 0.0484375 0.15833333333333333
