0 0.296875 0.39375 0.025 0.07916666666666666
0 0.25 0.390625 0.021875000000000002 0.07291666666666667
0 0.22187500000000002 0.3927083333333333 0.025 0.08125
0 0.178125 0.4 0.028125 0.09166666666666666
0 0.1546875 0.4010416666666667 0.018750000000000003 0.06041666666666667
0 0.359375 0.3854166666666667 0.037500000000000006 0.12083333333333333
0 0.4078125 0.3885416666666667 0.025 0.08125
0 0.47109375000000003 0.38645833333333335 0.026562500000000003 0.08541666666666667
0 0.59296875 0.3854166666666667 0.0234375 0.075
0 0.7015625000000001 0.37916666666666665 0.034375 0.1125
0 0.7507812500000001 0.38958333333333334 0.029687500000000002 0.09583333333333333
0 0.56171875 0.4 0.035937500000000004 0.10833333333333334
