0 0.01953125 0.38645833333333335 0.026562500000000003 0.08541666666666667
0 0.049218750000000006 0.384375 0.0234375 0.07708333333333334
0 0.1078125 0.390625 0.025 0.08125
0 0.13125 0.3875 0.021875000000000002 0.07083333333333333
0 0.15156250000000002 0.384375 0.021875000000000002 0.06875
0 0.16718750000000002 0.38645833333333335 0.021875000000000002 0.06875
0 0.18203125 0.37916666666666665 0.0234375 0.075
0 0.33906250000000004 0.384375 0.021875000000000002 0.07291666666666667
0 0.3609375 0.38645833333333335 0.025 0.08125
0 0.4078125 0.384375 0.028125 0.08958333333333333
0 0.578125 0.38958333333333334 0.03125 0.10416666666666667
0 0.59296875 0.38125 0.026562500000000003 0.0875
0 0.69296875 0.39166666666666666 0.0390625 0.125
0 0.7234375000000001 0.39166666666666666 0.03125 0.10416666666666667
0 0.91953125 0.40625 0.045312500000000006 0.14583333333333334
0 0.9640625 0.39791666666666664 0.05 0.1625
