0 0.56171875 0.471875 0.1640625 0.53125
0 0.87265625 0.39479166666666665 0.0421875 0.13541666666666666
0 0.9242187500000001 0.3989583333333333 0.045312500000000006 0.14791666666666667
0 0.9359375000000001 0.38229166666666664 0.046875 0.15208333333333332
0 0.8125 0.390625 0.025 0.08125
0 0.7976562500000001 0.384375 0.026562500000000003 0.08541666666666667
0 0.7546875000000001 0.38958333333333334 0.028125 0.09166666666666666
0 0.16328125000000002 0.40208333333333335 0.0390625 0.125
0 0.11640625 0.396875 0.051562500000000004 0.16875
0 0.0859375 0.39375 0.037500000000000006 0.12083333333333333
