0 0.08125 0.4239583333333333 0.034375 0.11041666666666666
0 0.09062500000000001 0.43124999999999997 0.043750000000000004 0.14166666666666666
0 0.12187500000000001 0.428125 0.040625 0.13125
0 0.14609375 0.4354166666666667 0.0203125 0.06666666666666667
0 0.1640625 0.42604166666666665 0.025 0.08125
0 0.19140625 0.42083333333333334 0.0234375 0.075
0 0.21640625000000002 0.421875 0.0421875 0.13958333333333334
0 0.6375000000000001 0.409375 0.025 0.08125
0 0.7210937500000001 0.4125 0.029687500000000002 0.09583333333333333
0 0.75546875 0.409375 0.0328125 0.10625
0 0.7921875 0.4 0.03125 0.10416666666666667
0 0.8343750000000001 0.3927083333333333 0.034375 0.11041666666666666
0 0.9875 0.3875 0.034375 0.1125
