0 0.030468750000000003 0.43854166666666666 0.0328125 0.10625
0 0.18125000000000002 0.42083333333333334 0.043750000000000004 0.14166666666666666
0 0.20468750000000002 0.4145833333333333 0.046875 0.15
0 0.24140625000000002 0.434375 0.0328125 0.10625
0 0.27421875 0.41770833333333335 0.0546875 0.17708333333333334
0 0.4703125 0.4114583333333333 0.043750000000000004 0.14375
0 0.48203125 0.409375 0.0421875 0.13958333333333334
0 0.52890625 0.4197916666666667 0.035937500000000004 0.11875
0 0.5578125 0.41562499999999997 0.034375 0.11041666666666666
0 0.60703125 0.41770833333333335 0.035937500000000004 0.11875
0 0.68515625 0.40625 0.0390625 0.125
0 0.7328125000000001 0.40729166666666666 0.037500000000000006 0.12291666666666666
0 0.7625000000000001 0.4322916666666667 0.08750000000000001 0.28541666666666665
0 0.8640625000000001 0.42291666666666666 0.084375 0.275
0 0.32343750000000004 0.45625 0.125 0.4041666666666667
0 0.3140625 0.48333333333333334 0.11875000000000001 0.3875
0 0.4109375 0.4583333333333333 0.153125 0.5
0 0.421875 0.503125 0.15000000000000002 0.48541666666666666
0 0.11953125 0.5625 0.22968750000000002 0.7458333333333333
