0 0.8210937500000001 0.396875 0.0234375 0.07708333333333334
0 0.7835937500000001 0.390625 0.0234375 0.07708333333333334
0 0.7625000000000001 0.39375 0.021875000000000002 0.07083333333333333
0 0.6898437500000001 0.39375 0.0171875 0.058333333333333334
0 0.6585937500000001 0.39166666666666666 0.0203125 0.06666666666666667
0 0.60703125 0.3875 0.0203125 0.06666666666666667
0 0.42734375 0.3833333333333333 0.0171875 0.05416666666666667
0 0.38906250000000003 0.378125 0.015625 0.052083333333333336
0 0.35625 0.3833333333333333 0.015625 0.05
0 0.34453125 0.38229166666666664 0.0140625 0.04375
0 0.9171875 0.40625 0.03125 0.1
0 0.8757812500000001 0.396875 0.029687500000000002 0.09791666666666667
0 0.13984375000000002 0.37395833333333334 0.0234375 0.06041666666666667
0 0.2171875 0.3802083333333333 0.025 0.052083333333333336
