0 0.14296875 0.384375 0.045312500000000006 0.14791666666666667
0 0.1796875 0.38125 0.03125 0.10416666666666667
0 0.21796875000000002 0.38958333333333334 0.0390625 0.125
0 0.6843750000000001 0.375 0.021875000000000002 0.07083333333333333
0 0.70625 0.3770833333333333 0.025 0.08333333333333333
0 0.7367187500000001 0.37395833333333334 0.0328125 0.10625
0 0.80234375 0.38229166666666664 0.0328125 0.10625
0 0.8015625000000001 0.396875 0.028125 0.08958333333333333
0 0.753125 0.36875 0.025 0.08333333333333333
0 0.8460937500000001 0.390625 0.0328125 0.10625
0 0.8703125 0.3885416666666667 0.034375 0.11041666666666666
0 0.8968750000000001 0.403125 0.053125000000000006 0.17291666666666666
0 0.91796875 0.3770833333333333 0.0421875 0.1375
0 0.9398437500000001 0.3875 0.045312500000000006 0.14583333333333334
0 0.95859375 0.3927083333333333 0.0421875 0.13958333333333334
0 0.5953125 0.37395833333333334 0.015625 0.052083333333333336
