0 0.19062500000000002 0.3854166666666667 0.025 0.08333333333333333
0 0.58359375 0.38125 0.0171875 0.058333333333333334
0 0.6015625 0.378125 0.018750000000000003 0.06041666666666667
0 0.6125 0.38229166666666664 0.018750000000000003 0.06041666666666667
0 0.775 0.378125 0.028125 0.09375
0 0.79609375 0.378125 0.0234375 0.07708333333333334
0 0.81640625 0.37604166666666666 0.0203125 0.06458333333333333
0 0.8546875 0.39166666666666666 0.05625 0.18333333333333332
0 0.953125 0.4083333333333333 0.0625 0.20416666666666666
0 0.91015625 0.409375 0.0546875 0.17708333333333334
0 0.10390625 0.38229166666666664 0.0234375 0.08125
