0 0.253125 0.384375 0.05 0.16041666666666665
0 0.34453125 0.38229166666666664 0.029687500000000002 0.09791666666666667
0 0.215625 0.38125 0.046875 0.15416666666666667
0 0.08828125 0.390625 0.051562500000000004 0.16875
0 0.85859375 0.38229166666666664 0.045312500000000006 0.14791666666666667
0 0.8171875000000001 0.371875 0.021875000000000002 0.07291666666666667
0 0.95625 0.39479166666666665 0.05625 0.18541666666666667
0 0.9375 0.3885416666666667 0.05 0.16458333333333333
0 0.9265625000000001 0.3875 0.043750000000000004 0.14166666666666666
0 0.38359375 0.3677083333333333 0.0203125 0.06458333333333333
0 0.18671875000000002 0.37604166666666666 0.0421875 0.13958333333333334
0 0.875 0.36875 0.03125 0.1
