0 0.76328125 0.3927083333333333 0.0671875 0.21875
0 0.2578125 0.37604166666666666 0.043750000000000004 0.14375
0 0.057031250000000006 0.371875 0.035937500000000004 0.11875
0 0.6687500000000001 0.384375 0.037500000000000006 0.12291666666666666
0 0.6898437500000001 0.38958333333333334 0.035937500000000004 0.11666666666666667
0 0.83515625 0.38958333333333334 0.035937500000000004 0.11666666666666667
0 0.90234375 0.403125 0.0546875 0.17708333333333334
0 0.9203125000000001 0.41041666666666665 0.05 0.1625
0 0.8859375 0.390625 0.043750000000000004 0.14375
0 0.9890625000000001 0.409375 0.05625 0.18125
0 0.9734375000000001 0.4114583333333333 0.053125000000000006 0.17291666666666666
