0 0.32578125 0.384375 0.0578125 0.18958333333333333
0 0.35078125000000004 0.38958333333333334 0.0578125 0.1875
0 0.5546875 0.3458333333333333 0.06875 0.225
0 0.6203125 0.34375 0.053125000000000006 0.17083333333333334
0 0.68359375 0.33541666666666664 0.0578125 0.1875
0 0.7601562500000001 0.31875 0.0390625 0.12916666666666665
0 0.7898437500000001 0.3385416666666667 0.07968750000000001 0.2604166666666667
0 0.8859375 0.3677083333333333 0.1 0.32708333333333334
0 0.07968750000000001 0.3833333333333333 0.05625 0.18333333333333332
0 0.12187500000000001 0.3833333333333333 0.05625 0.18333333333333332
0 0.19062500000000002 0.3729166666666667 0.0625 0.20416666666666666
0 0.15625 0.378125 0.059375000000000004 0.19375
