0 0.4625 0.425 0.10625000000000001 0.3458333333333333
0 0.42109375000000004 0.3885416666666667 0.0671875 0.21875
0 0.34609375000000003 0.39375 0.1015625 0.32916666666666666
0 0.15000000000000002 0.3625 0.028125 0.09166666666666666
0 0.17734375000000002 0.3625 0.0328125 0.10833333333333334
0 0.18906250000000002 0.35833333333333334 0.040625 0.13333333333333333
0 0.19921875 0.3541666666666667 0.0421875 0.1375
0 0.21171875 0.378125 0.051562500000000004 0.16875
0 0.225 0.36666666666666664 0.046875 0.15416666666666667
0 0.24531250000000002 0.37395833333333334 0.05 0.16458333333333333
