0 0.041406250000000006 0.403125 0.029687500000000002 0.09791666666666667
0 0.06484375 0.3989583333333333 0.0234375 0.07708333333333334
0 0.08984375 0.396875 0.026562500000000003 0.08541666666666667
0 0.7609375 0.39375 0.025 0.08333333333333333
0 0.7781250000000001 0.4010416666666667 0.028125 0.09375
0 0.7984375 0.4010416666666667 0.028125 0.09375
0 0.81796875 0.41354166666666664 0.035937500000000004 0.11875
0 0.84375 0.4 0.021875000000000002 0.07083333333333333
0 0.87265625 0.3958333333333333 0.035937500000000004 0.11666666666666667
0 0.8914062500000001 0.40625 0.0390625 0.125
