0 0.32421875 0.33958333333333335 0.029687500000000002 0.09583333333333333
0 0.35546875 0.3364583333333333 0.0328125 0.10625
0 0.36640625000000004 0.3260416666666667 0.026562500000000003 0.08541666666666667
0 0.3828125 0.340625 0.028125 0.09375
0 0.3953125 0.3260416666666667 0.028125 0.09375
0 0.4078125 0.3302083333333333 0.028125 0.09375
0 0.434375 0.3302083333333333 0.028125 0.09375
0 0.565625 0.33229166666666665 0.037500000000000006 0.12291666666666666
0 0.584375 0.3375 0.037500000000000006 0.12083333333333333
0 0.5945312500000001 0.35104166666666664 0.0421875 0.13541666666666666
0 0.60703125 0.31979166666666664 0.0328125 0.10625
0 0.6453125000000001 0.32708333333333334 0.046875 0.15
0 0.64609375 0.34270833333333334 0.0421875 0.13541666666666666
0 0.68359375 0.31875 0.0484375 0.15833333333333333
0 0.76953125 0.33229166666666665 0.0484375 0.15625
0 0.8070312500000001 0.32708333333333334 0.0484375 0.15833333333333333
0 0.8328125000000001 0.328125 0.05 0.16041666666666665
0 0.8984375 0.3364583333333333 0.053125000000000006 0.17291666666666666
0 0.940625 0.3177083333333333 0.0625 0.20208333333333334
