0 0.8070312500000001 0.3958333333333333 0.035937500000000004 0.11666666666666667
0 0.8453125 0.40520833333333334 0.028125 0.08958333333333333
0 0.7195312500000001 0.39791666666666664 0.029687500000000002 0.09583333333333333
0 0.85859375 0.4010416666666667 0.0328125 0.10625
0 0.06875 0.4125 0.021875000000000002 0.07083333333333333
0 0.92109375 0.4302083333333333 0.06406250000000001 0.20625
0 0.88671875 0.4322916666666667 0.0578125 0.18958333333333333
0 0.9085937500000001 0.4166666666666667 0.0703125 0.22916666666666666
0 0.93515625 0.40729166666666666 0.0765625 0.24791666666666667
0 0.18906250000000002 0.409375 0.0125 0.05625
0 0.17578125 0.40520833333333334 0.0140625 0.04791666666666666
