0 0.6484375 0.41041666666666665 0.07500000000000001 0.24583333333333332
0 0.6726562500000001 0.3927083333333333 0.0671875 0.21875
0 0.71015625 0.384375 0.0765625 0.24791666666666667
0 0.7429687500000001 0.39166666666666666 0.0734375 0.2375
0 0.79453125 0.3770833333333333 0.0671875 0.22083333333333333
0 0.8289062500000001 0.3885416666666667 0.08281250000000001 0.26875
0 0.86640625 0.3645833333333333 0.0671875 0.21666666666666667
0 0.88046875 0.37083333333333335 0.06406250000000001 0.20833333333333334
0 0.9234375 0.378125 0.08750000000000001 0.28541666666666665
0 0.953125 0.3927083333333333 0.06875 0.22291666666666665
