0 0.12109375 0.3208333333333333 0.0234375 0.075
0 0.14921875 0.31979166666666664 0.029687500000000002 0.09791666666666667
0 0.18281250000000002 0.31145833333333334 0.025 0.08125
0 0.29609375 0.31666666666666665 0.026562500000000003 0.0875
0 0.32343750000000004 0.31979166666666664 0.03125 0.10208333333333333
0 0.3375 0.31666666666666665 0.028125 0.09166666666666666
0 0.35390625000000003 0.32395833333333335 0.0328125 0.10625
0 0.46640625 0.30625 0.0328125 0.10833333333333334
0 0.5164062500000001 0.3104166666666667 0.0421875 0.1375
0 0.675 0.353125 0.084375 0.27291666666666664
0 0.96875 0.3385416666666667 0.046875 0.15208333333333332
