0 0.043750000000000004 0.15625 0.015625 0.05
0 0.14609375 0.15208333333333332 0.0203125 0.06666666666666667
0 0.16484375 0.14791666666666667 0.0171875 0.058333333333333334
0 0.18046875 0.15 0.0171875 0.058333333333333334
0 0.19453125000000002 0.15 0.0171875 0.05416666666666667
0 0.21015625000000002 0.146875 0.0171875 0.05625
0 0.40078125000000003 0.15104166666666666 0.0203125 0.06458333333333333
0 0.4390625 0.14375 0.021875000000000002 0.07083333333333333
0 0.52265625 0.15104166666666666 0.0171875 0.05625
0 0.53515625 0.14479166666666665 0.0140625 0.04375
0 0.58359375 0.15416666666666667 0.0203125 0.06666666666666667
0 0.97265625 0.3625 0.051562500000000004 0.1375
