0 0.046875 0.403125 0.03125 0.10208333333333333
0 0.21328125 0.3802083333333333 0.035937500000000004 0.11458333333333333
0 0.22031250000000002 0.378125 0.028125 0.09375
0 0.24531250000000002 0.384375 0.028125 0.09375
0 0.278125 0.3833333333333333 0.03125 0.10416666666666667
0 0.64375 0.3729166666666667 0.015625 0.05
0 0.6648437500000001 0.375 0.0203125 0.06666666666666667
0 0.6804687500000001 0.37395833333333334 0.0203125 0.06458333333333333
0 0.6960937500000001 0.371875 0.026562500000000003 0.08541666666666667
0 0.70625 0.37395833333333334 0.028125 0.09375
0 0.721875 0.36875 0.021875000000000002 0.07083333333333333
0 0.78125 0.3802083333333333 0.025 0.08125
0 0.8 0.38229166666666664 0.028125 0.08958333333333333
0 0.83359375 0.36875 0.029687500000000002 0.09583333333333333
0 0.8484375000000001 0.37083333333333335 0.028125 0.09166666666666666
0 0.9070312500000001 0.3875 0.0546875 0.17916666666666667
0 0.95078125 0.3802083333333333 0.06406250000000001 0.21041666666666667
0 0.022656250000000003 0.396875 0.029687500000000002 0.09791666666666667
