0 0.0703125 0.4375 0.03125 0.10416666666666667
0 0.09140625000000001 0.44166666666666665 0.0328125 0.10833333333333334
0 0.1234375 0.43124999999999997 0.046875 0.15
0 0.18828125 0.4239583333333333 0.0484375 0.15625
0 0.2328125 0.41770833333333335 0.05625 0.18125
0 0.26406250000000003 0.4114583333333333 0.0625 0.20208333333333334
0 0.32578125 0.4145833333333333 0.0546875 0.17916666666666667
0 0.3765625 0.4166666666666667 0.05 0.1625
0 0.47890625000000003 0.40208333333333335 0.06406250000000001 0.20833333333333334
0 0.5109375 0.4083333333333333 0.059375000000000004 0.19166666666666665
0 0.5921875 0.48125 0.134375 0.4375
0 0.54609375 0.5052083333333334 0.1484375 0.48125
0 0.6625000000000001 0.40520833333333334 0.078125 0.25625
0 0.7210937500000001 0.4114583333333333 0.0859375 0.27708333333333335
0 0.80234375 0.40625 0.0421875 0.1375
0 0.7859375000000001 0.41875 0.03125 0.1
0 0.8914062500000001 0.3989583333333333 0.06406250000000001 0.20625
0 0.8578125000000001 0.5083333333333333 0.140625 0.4583333333333333
0 0.625 0.4145833333333333 0.037500000000000006 0.12083333333333333
