0 0.1046875 0.4635416666666667 0.12187500000000001 0.39791666666666664
0 0.09453125000000001 0.49166666666666664 0.1171875 0.37916666666666665
0 0.2546875 0.4125 0.046875 0.15416666666666667
0 0.2921875 0.4322916666666667 0.03125 0.10208333333333333
0 0.33515625000000004 0.4114583333333333 0.0578125 0.18958333333333333
0 0.3875 0.42291666666666666 0.034375 0.1125
0 0.42265625 0.4125 0.0484375 0.15833333333333333
0 0.45078125 0.4145833333333333 0.035937500000000004 0.11666666666666667
0 0.49140625000000004 0.41562499999999997 0.035937500000000004 0.11458333333333333
0 0.63671875 0.42083333333333334 0.07968750000000001 0.2583333333333333
0 0.6921875000000001 0.409375 0.037500000000000006 0.12291666666666666
0 0.7250000000000001 0.41562499999999997 0.078125 0.25625
0 0.9085937500000001 0.41354166666666664 0.0859375 0.27708333333333335
0 0.9921875 0.4125 0.07500000000000001 0.24166666666666667
0 0.86328125 0.4864583333333333 0.1296875 0.42291666666666666
0 0.5703125 0.5520833333333334 0.23125 0.75
0 0.18359375 0.58125 0.22968750000000002 0.7458333333333333
