0 0.08984375 0.20208333333333334 0.0171875 0.058333333333333334
0 0.1046875 0.20416666666666666 0.015625 0.05
0 0.1203125 0.20208333333333334 0.015625 0.05
0 0.21328125 0.196875 0.0171875 0.05625
0 0.23984375000000002 0.20208333333333334 0.0171875 0.05416666666666667
0 0.25546875 0.19791666666666666 0.0171875 0.058333333333333334
0 0.27109375 0.19895833333333332 0.0171875 0.05625
0 0.4109375 0.19583333333333333 0.015625 0.05
0 0.44921875 0.19375 0.0171875 0.058333333333333334
0 0.5328125 0.2 0.015625 0.05
0 0.5765625 0.203125 0.015625 0.052083333333333336
0 0.6117187500000001 0.19375 0.0171875 0.05416666666666667
0 0.6804687500000001 0.196875 0.0140625 0.04791666666666666
0 0.6960937500000001 0.19479166666666667 0.0140625 0.04791666666666666
