0 0.09375 0.22916666666666666 0.015625 0.05
0 0.10390625 0.23124999999999998 0.010937500000000001 0.0375
0 0.12109375 0.23229166666666667 0.0140625 0.04791666666666666
0 0.1609375 0.22604166666666667 0.015625 0.052083333333333336
0 0.184375 0.23229166666666667 0.0125 0.03958333333333333
0 0.20703125 0.228125 0.0140625 0.04791666666666666
0 0.22578125000000002 0.22708333333333333 0.0171875 0.058333333333333334
0 0.246875 0.22916666666666666 0.015625 0.05
0 0.30859375 0.228125 0.0140625 0.04791666666666666
0 0.32265625000000003 0.23020833333333332 0.0140625 0.04375
0 0.3375 0.22708333333333333 0.015625 0.05
0 0.35078125000000004 0.234375 0.0140625 0.04791666666666666
0 0.36640625000000004 0.22916666666666666 0.0171875 0.058333333333333334
0 0.38828125 0.23124999999999998 0.0171875 0.058333333333333334
0 0.40156250000000004 0.23333333333333334 0.015625 0.05
0 0.4109375 0.228125 0.015625 0.052083333333333336
0 0.45390625 0.23124999999999998 0.0171875 0.05416666666666667
0 0.47968750000000004 0.22708333333333333 0.015625 0.05
0 0.50625 0.23229166666666667 0.015625 0.052083333333333336
0 0.534375 0.23333333333333334 0.015625 0.05
0 0.5578125 0.23020833333333332 0.015625 0.052083333333333336
0 0.584375 0.23229166666666667 0.0125 0.03958333333333333
0 0.6203125 0.23333333333333334 0.015625 0.05
0 0.6804687500000001 0.23020833333333332 0.0140625 0.04375
0 0.6953125 0.23541666666666666 0.0125 0.041666666666666664
