0 0.16796875 0.24375 0.010937500000000001 0.0375
0 0.17734375000000002 0.24583333333333332 0.010937500000000001 0.03333333333333333
0 0.20078125000000002 0.24375 0.010937500000000001 0.0375
0 0.23515625 0.24270833333333333 0.010937500000000001 0.035416666666666666
0 0.24609375 0.24479166666666666 0.010937500000000001 0.035416666666666666
0 0.26796875000000003 0.24583333333333332 0.010937500000000001 0.03333333333333333
0 0.29375 0.24479166666666666 0.0125 0.03958333333333333
0 0.37890625 0.24375 0.010937500000000001 0.03333333333333333
0 0.38984375000000004 0.24375 0.010937500000000001 0.0375
0 0.42031250000000003 0.24375 0.0125 0.041666666666666664
0 0.46015625000000004 0.24375 0.010937500000000001 0.0375
0 0.47890625000000003 0.24270833333333333 0.010937500000000001 0.035416666666666666
0 0.50234375 0.24791666666666667 0.010937500000000001 0.0375
0 0.521875 0.24583333333333332 0.0125 0.041666666666666664
0 0.5398437500000001 0.24895833333333334 0.010937500000000001 0.035416666666666666
0 0.55625 0.24687499999999998 0.009375000000000001 0.03125
0 0.56796875 0.25104166666666666 0.0078125 0.027083333333333334
0 0.58984375 0.24375 0.010937500000000001 0.0375
