0 0.02890625 0.4458333333333333 0.0328125 0.10833333333333334
0 0.0421875 0.453125 0.034375 0.11041666666666666
0 0.05 0.44895833333333335 0.028125 0.08958333333333333
0 0.08125 0.4354166666666667 0.043750000000000004 0.14166666666666666
0 0.11093750000000001 0.45 0.03125 0.10416666666666667
0 0.1453125 0.43124999999999997 0.05625 0.18333333333333332
0 0.18359375 0.42291666666666666 0.0671875 0.21666666666666667
0 0.26484375 0.4197916666666667 0.051562500000000004 0.16875
0 0.3140625 0.42604166666666665 0.046875 0.15208333333333332
0 0.4078125 0.4145833333333333 0.0625 0.20416666666666666
0 0.4578125 0.4166666666666667 0.05625 0.18333333333333332
0 0.49062500000000003 0.42916666666666664 0.03125 0.1
0 0.53125 0.41875 0.034375 0.1125
0 0.578125 0.41770833333333335 0.037500000000000006 0.12291666666666666
0 0.6062500000000001 0.41562499999999997 0.037500000000000006 0.12291666666666666
0 0.6257812500000001 0.41875 0.029687500000000002 0.09583333333333333
0 0.6468750000000001 0.4145833333333333 0.03125 0.1
0 0.6648437500000001 0.4145833333333333 0.07968750000000001 0.2583333333333333
0 0.71015625 0.53125 0.1546875 0.5041666666666667
0 0.78125 0.41354166666666664 0.078125 0.25625
0 0.8343750000000001 0.4302083333333333 0.08750000000000001 0.28541666666666665
0 0.8125 0.51875 0.146875 0.4791666666666667
0 0.87265625 0.39791666666666664 0.035937500000000004 0.11666666666666667
0 0.8921875 0.396875 0.034375 0.11041666666666666
