0 0.0023437500000000003 0.434375 0.060937500000000006 0.19791666666666666
0 0.0859375 0.4395833333333333 0.03125 0.10416666666666667
0 0.1421875 0.43124999999999997 0.037500000000000006 0.12083333333333333
0 0.1609375 0.4302083333333333 0.05 0.16458333333333333
0 0.22031250000000002 0.4270833333333333 0.053125000000000006 0.175
0 0.27187500000000003 0.4270833333333333 0.037500000000000006 0.12083333333333333
0 0.38828125 0.48125 0.1265625 0.4125
0 0.44453125000000004 0.41354166666666664 0.0546875 0.17708333333333334
0 0.48359375000000004 0.4083333333333333 0.0734375 0.2375
0 0.34609375000000003 0.49374999999999997 0.1390625 0.45
0 0.51015625 0.4239583333333333 0.029687500000000002 0.09791666666666667
0 0.54609375 0.403125 0.06406250000000001 0.21041666666666667
0 0.56953125 0.40625 0.0703125 0.22916666666666666
0 0.6507812500000001 0.403125 0.0671875 0.21875
0 0.61875 0.4947916666666667 0.12812500000000002 0.4145833333333333
0 0.6015625 0.5229166666666667 0.146875 0.4791666666666667
0 0.7406250000000001 0.41562499999999997 0.034375 0.11041666666666666
0 0.76953125 0.41041666666666665 0.035937500000000004 0.11666666666666667
0 0.828125 0.40625 0.043750000000000004 0.14166666666666666
0 0.8609375 0.39791666666666664 0.05 0.1625
0 0.9046875000000001 0.4041666666666667 0.046875 0.15
0 0.9148437500000001 0.4010416666666667 0.0421875 0.13541666666666666
0 0.9890625000000001 0.40729166666666666 0.065625 0.21458333333333332
0 0.10625000000000001 0.4354166666666667 0.03125 0.10416666666666667
