0 0.875 0.5020833333333333 0.2 0.65
0 0.9703125 0.5010416666666666 0.16875 0.5479166666666666
0 0.671875 0.4895833333333333 0.17500000000000002 0.5666666666666667
0 0.5359375000000001 0.515625 0.178125 0.5770833333333333
0 0.48828125 0.4041666666666667 0.11093750000000001 0.35833333333333334
0 0.61328125 0.4614583333333333 0.1203125 0.38958333333333334
0 0.73046875 0.4822916666666667 0.1203125 0.38958333333333334
0 0.0671875 0.4875 0.153125 0.5
0 0.07109375 0.490625 0.1203125 0.38958333333333334
0 0.8046875 0.39375 0.03125 0.1
0 0.7914062500000001 0.3958333333333333 0.029687500000000002 0.09583333333333333
