0 0.22890625 0.4010416666666667 0.035937500000000004 0.11458333333333333
0 0.2625 0.39791666666666664 0.03125 0.10416666666666667
0 0.80390625 0.40208333333333335 0.026562500000000003 0.0875
0 0.7585937500000001 0.39375 0.026562500000000003 0.0875
0 0.77734375 0.396875 0.029687500000000002 0.09791666666666667
0 0.815625 0.4010416666666667 0.028125 0.08958333333333333
0 0.7515625 0.39479166666666665 0.025 0.08125
0 0.68515625 0.3927083333333333 0.0171875 0.05625
0 0.6703125000000001 0.396875 0.018750000000000003 0.06041666666666667
0 0.7000000000000001 0.390625 0.015625 0.052083333333333336
