0 0.43828125 0.38229166666666664 0.06406250000000001 0.20625
0 0.48125 0.378125 0.065625 0.21458333333333332
0 0.525 0.378125 0.07187500000000001 0.23541666666666666
0 0.55859375 0.378125 0.0734375 0.23958333333333334
0 0.625 0.3697916666666667 0.07187500000000001 0.23124999999999998
0 0.6195312500000001 0.39479166666666665 0.0546875 0.17708333333333334
0 0.71015625 0.38125 0.0671875 0.22083333333333333
0 0.73359375 0.3802083333333333 0.0671875 0.21875
0 0.7820312500000001 0.3645833333333333 0.08281250000000001 0.2708333333333333
0 0.84375 0.3520833333333333 0.06875 0.225
