0 0.9328125 0.3927083333333333 0.046875 0.15208333333333332
0 0.878125 0.390625 0.05 0.16041666666666665
0 0.7484375000000001 0.3833333333333333 0.043750000000000004 0.14166666666666666
0 0.71015625 0.37604166666666666 0.0421875 0.13541666666666666
0 0.5164062500000001 0.3770833333333333 0.035937500000000004 0.11666666666666667
0 0.45390625 0.38229166666666664 0.026562500000000003 0.08541666666666667
0 0.40546875000000004 0.3854166666666667 0.0328125 0.10833333333333334
0 0.37890625 0.37395833333333334 0.035937500000000004 0.11458333333333333
0 0.34140625 0.3833333333333333 0.029687500000000002 0.09583333333333333
0 0.28984375 0.38229166666666664 0.026562500000000003 0.08541666666666667
0 0.24531250000000002 0.37395833333333334 0.028125 0.09375
0 0.05859375 0.3770833333333333 0.0234375 0.075
0 0.09296875 0.371875 0.029687500000000002 0.09791666666666667
0 0.17734375000000002 0.37916666666666665 0.029687500000000002 0.09583333333333333
0 0.209375 0.3802083333333333 0.028125 0.08958333333333333
