0 0.0023437500000000003 0.428125 0.0390625 0.12708333333333333
0 0.01953125 0.42916666666666664 0.0390625 0.125
0 0.06640625 0.42083333333333334 0.0421875 0.1375
0 0.09140625000000001 0.44166666666666665 0.029687500000000002 0.09583333333333333
0 0.109375 0.43854166666666666 0.03125 0.10208333333333333
0 0.13671875 0.4125 0.045312500000000006 0.14583333333333334
0 0.1640625 0.42916666666666664 0.03125 0.10416666666666667
0 0.18203125 0.42604166666666665 0.0328125 0.10625
0 0.20468750000000002 0.42604166666666665 0.034375 0.11041666666666666
0 0.38125000000000003 0.4125 0.034375 0.1125
0 0.58125 0.3989583333333333 0.040625 0.13125
0 0.62109375 0.409375 0.035937500000000004 0.11875
0 0.64453125 0.40625 0.035937500000000004 0.11666666666666667
0 0.6828125 0.4041666666666667 0.034375 0.1125
0 0.7132812500000001 0.4 0.0390625 0.12916666666666665
0 0.7351562500000001 0.3958333333333333 0.0328125 0.10833333333333334
0 0.275 0.5635416666666666 0.203125 0.6604166666666667
0 0.4375 0.50625 0.146875 0.4791666666666667
0 0.77265625 0.5385416666666667 0.1796875 0.5854166666666667
0 0.91171875 0.5833333333333334 0.2265625 0.7375
0 0.8992187500000001 0.45208333333333334 0.09531250000000001 0.30833333333333335
