0 0.00390625 0.4375 0.0328125 0.10833333333333334
0 0.021875000000000002 0.4354166666666667 0.034375 0.1125
0 0.05234375 0.43333333333333335 0.035937500000000004 0.11666666666666667
0 0.08203125 0.43124999999999997 0.029687500000000002 0.09583333333333333
0 0.1046875 0.4239583333333333 0.043750000000000004 0.14375
0 0.15625 0.42604166666666665 0.037500000000000006 0.12291666666666666
0 0.18828125 0.50625 0.1453125 0.4708333333333333
0 0.26015625000000003 0.49374999999999997 0.1390625 0.45
0 0.29921875000000003 0.409375 0.0484375 0.15625
0 0.5453125 0.4041666666666667 0.053125000000000006 0.175
0 0.6492187500000001 0.4010416666666667 0.035937500000000004 0.11458333333333333
0 0.6890625 0.409375 0.03125 0.10208333333333333
0 0.7289062500000001 0.409375 0.035937500000000004 0.11875
0 0.7484375000000001 0.41562499999999997 0.034375 0.11041666666666666
0 0.78671875 0.41041666666666665 0.035937500000000004 0.11666666666666667
0 0.7757812500000001 0.40729166666666666 0.029687500000000002 0.09791666666666667
0 0.8109375000000001 0.4083333333333333 0.037500000000000006 0.12083333333333333
0 0.8304687500000001 0.39791666666666664 0.035937500000000004 0.11666666666666667
