0 0.9632812500000001 0.3927083333333333 0.035937500000000004 0.11458333333333333
0 0.9171875 0.3958333333333333 0.03125 0.10416666666666667
0 0.9359375000000001 0.39791666666666664 0.03125 0.10416666666666667
0 0.03359375 0.16875 0.0234375 0.075
0 0.05078125 0.16666666666666666 0.0203125 0.06666666666666667
0 0.08359375000000001 0.16666666666666666 0.0203125 0.06666666666666667
0 0.1078125 0.16770833333333332 0.021875000000000002 0.06875
0 0.15625 0.16354166666666667 0.018750000000000003 0.06041666666666667
0 0.1796875 0.16458333333333333 0.025 0.07916666666666666
0 0.20625000000000002 0.16458333333333333 0.021875000000000002 0.07083333333333333
0 0.25234375000000003 0.16354166666666667 0.0234375 0.07708333333333334
0 0.28359375000000003 0.1625 0.0203125 0.06666666666666667
0 0.3765625 0.15833333333333333 0.025 0.08333333333333333
0 0.41718750000000004 0.15625 0.025 0.07916666666666666
0 0.44453125000000004 0.159375 0.0234375 0.07708333333333334
0 0.52734375 0.16354166666666667 0.0203125 0.06458333333333333
0 0.54453125 0.16354166666666667 0.0203125 0.06458333333333333
0 0.62890625 0.16770833333333332 0.0234375 0.07708333333333334
0 0.6484375 0.16458333333333333 0.025 0.07916666666666666
0 0.68671875 0.159375 0.026562500000000003 0.08541666666666667
0 0.7234375000000001 0.16666666666666666 0.021875000000000002 0.07083333333333333
0 0.74375 0.16770833333333332 0.021875000000000002 0.06875
0 0.7523437500000001 0.17083333333333334 0.0171875 0.05416666666666667
