0 0.57265625 0.38645833333333335 0.0765625 0.24791666666666667
0 0.46640625 0.37083333333333335 0.06406250000000001 0.20833333333333334
0 0.484375 0.36666666666666664 0.065625 0.2125
0 0.6101562500000001 0.37916666666666665 0.0734375 0.2375
0 0.6117187500000001 0.41770833333333335 0.0734375 0.23958333333333334
0 0.67734375 0.375 0.0734375 0.2375
0 0.703125 0.3677083333333333 0.07187500000000001 0.23124999999999998
0 0.75390625 0.38645833333333335 0.06406250000000001 0.21041666666666667
0 0.8031250000000001 0.3677083333333333 0.078125 0.2520833333333333
0 0.84296875 0.36354166666666665 0.0859375 0.27708333333333335
0 0.88203125 0.37083333333333335 0.060937500000000006 0.19583333333333333
