0 0.05078125 0.428125 0.0421875 0.13541666666666666
0 0.10234375000000001 0.421875 0.0421875 0.13541666666666666
0 0.12265625000000001 0.428125 0.029687500000000002 0.09791666666666667
0 0.17109375000000002 0.5145833333333333 0.1390625 0.45416666666666666
0 0.24375000000000002 0.4239583333333333 0.034375 0.11041666666666666
0 0.3140625 0.4166666666666667 0.034375 0.1125
0 0.4 0.6 0.225 0.7291666666666666
0 0.5515625000000001 0.5135416666666667 0.1625 0.5270833333333333
0 0.63203125 0.4083333333333333 0.035937500000000004 0.11666666666666667
0 0.6687500000000001 0.4 0.034375 0.1125
0 0.70625 0.40520833333333334 0.034375 0.11041666666666666
0 0.79296875 0.4427083333333333 0.1234375 0.40208333333333335
0 0.7984375 0.4770833333333333 0.11875000000000001 0.3875
0 0.90234375 0.46249999999999997 0.1546875 0.5041666666666667
0 0.9554687500000001 0.5 0.1484375 0.48333333333333334
0 0.846875 0.39479166666666665 0.040625 0.13125
0 0.7585937500000001 0.3958333333333333 0.0390625 0.125
