0 0.00625 0.4395833333333333 0.0625 0.20416666666666666
0 0.0390625 0.434375 0.040625 0.13125
0 0.07968750000000001 0.434375 0.040625 0.13125
0 0.06015625 0.4395833333333333 0.0328125 0.10833333333333334
0 0.08984375 0.4354166666666667 0.029687500000000002 0.09583333333333333
0 0.16484375 0.4302083333333333 0.035937500000000004 0.11458333333333333
0 0.178125 0.4239583333333333 0.021875000000000002 0.07291666666666667
0 0.14921875 0.4239583333333333 0.045312500000000006 0.14791666666666667
0 0.19375 0.4239583333333333 0.028125 0.08958333333333333
0 0.20234375000000002 0.43854166666666666 0.035937500000000004 0.11875
0 0.29921875000000003 0.4166666666666667 0.0546875 0.17916666666666667
0 0.353125 0.4166666666666667 0.053125000000000006 0.175
0 0.4265625 0.5145833333333333 0.153125 0.49583333333333335
0 0.54296875 0.496875 0.13593750000000002 0.44375
0 0.6156250000000001 0.40729166666666666 0.05625 0.18125
0 0.64453125 0.41875 0.0328125 0.10833333333333334
0 0.6625000000000001 0.4114583333333333 0.034375 0.11041666666666666
0 0.67890625 0.4114583333333333 0.029687500000000002 0.09791666666666667
0 0.6937500000000001 0.42604166666666665 0.028125 0.09375
0 0.70625 0.4083333333333333 0.03125 0.10416666666666667
0 0.75390625 0.4145833333333333 0.0390625 0.125
0 0.7914062500000001 0.409375 0.0390625 0.12708333333333333
0 0.81640625 0.4114583333333333 0.035937500000000004 0.11875
0 0.83203125 0.4083333333333333 0.0390625 0.125
0 0.9437500000000001 0.425 0.096875 0.3125
0 0.97421875 0.39166666666666666 0.029687500000000002 0.09583333333333333
