0 0.037500000000000006 0.39791666666666664 0.053125000000000006 0.175
0 0.11484375000000001 0.4010416666666667 0.045312500000000006 0.14791666666666667
0 0.21406250000000002 0.3885416666666667 0.028125 0.09375
0 0.67109375 0.3875 0.026562500000000003 0.0875
0 0.690625 0.3802083333333333 0.021875000000000002 0.07291666666666667
0 0.721875 0.3833333333333333 0.028125 0.09166666666666666
0 0.74609375 0.3833333333333333 0.026562500000000003 0.0875
0 0.7671875 0.38229166666666664 0.028125 0.08958333333333333
0 0.7890625 0.39166666666666666 0.025 0.07916666666666666
0 0.8328125000000001 0.3802083333333333 0.025 0.08125
