0 0.0203125 0.4083333333333333 0.046875 0.15416666666666667
0 0.2171875 0.384375 0.021875000000000002 0.07291666666666667
0 0.6000000000000001 0.3802083333333333 0.015625 0.052083333333333336
0 0.75390625 0.384375 0.029687500000000002 0.09791666666666667
0 0.7914062500000001 0.3958333333333333 0.0390625 0.125
0 0.8375 0.38125 0.028125 0.09166666666666666
0 0.8539062500000001 0.40520833333333334 0.0421875 0.13541666666666666
0 0.8851562500000001 0.4010416666666667 0.051562500000000004 0.16875
0 0.91015625 0.375 0.035937500000000004 0.11666666666666667
0 0.946875 0.3989583333333333 0.05 0.16041666666666665
0 0.9671875000000001 0.42083333333333334 0.046875 0.15
