0 0.10703125000000001 0.4125 0.0546875 0.17916666666666667
0 0.0921875 0.42916666666666664 0.05625 0.18333333333333332
0 0.13515625 0.43854166666666666 0.029687500000000002 0.09791666666666667
0 0.15156250000000002 0.44375 0.028125 0.09166666666666666
0 0.17890625000000002 0.43333333333333335 0.035937500000000004 0.11666666666666667
0 0.38593750000000004 0.40729166666666666 0.05 0.16041666666666665
0 0.421875 0.4114583333333333 0.065625 0.21458333333333332
0 0.45546875000000003 0.4322916666666667 0.0421875 0.13958333333333334
0 0.48984375 0.4083333333333333 0.0671875 0.22083333333333333
0 0.509375 0.41041666666666665 0.053125000000000006 0.17083333333333334
0 0.5578125 0.4083333333333333 0.07500000000000001 0.24166666666666667
0 0.6179687500000001 0.4 0.0734375 0.2375
0 0.65390625 0.403125 0.0671875 0.21875
0 0.6726562500000001 0.40208333333333335 0.0421875 0.1375
0 0.7054687500000001 0.4114583333333333 0.035937500000000004 0.11875
0 0.86484375 0.41041666666666665 0.0890625 0.2916666666666667
0 0.8953125000000001 0.47604166666666664 0.15000000000000002 0.48541666666666666
0 0.9281250000000001 0.509375 0.15000000000000002 0.4895833333333333
0 0.22109375 0.4864583333333333 0.1265625 0.41041666666666665
0 0.35703125 0.50625 0.1296875 0.42083333333333334
0 0.31015625 0.515625 0.1453125 0.47291666666666665
