0 0.1453125 0.39791666666666664 0.037500000000000006 0.12083333333333333
0 0.27187500000000003 0.390625 0.018750000000000003 0.06041666666666667
0 0.26171875 0.3885416666666667 0.0171875 0.05625
0 0.58046875 0.38958333333333334 0.0171875 0.058333333333333334
0 0.7125 0.39791666666666664 0.03125 0.1
0 0.7312500000000001 0.39166666666666666 0.028125 0.09166666666666666
0 0.76171875 0.39791666666666664 0.026562500000000003 0.0875
0 0.7890625 0.396875 0.040625 0.13125
0 0.84140625 0.39791666666666664 0.0390625 0.125
0 0.8812500000000001 0.41041666666666665 0.034375 0.1125
0 0.9437500000000001 0.396875 0.040625 0.13125
0 0.9656250000000001 0.390625 0.037500000000000006 0.12291666666666666
0 0.9921875 0.3927083333333333 0.037500000000000006 0.12291666666666666
