0 0.12578125 0.21875 0.0140625 0.04583333333333333
0 0.14453125 0.221875 0.0140625 0.04375
0 0.19296875000000002 0.21666666666666667 0.0171875 0.058333333333333334
0 0.27421875 0.21666666666666667 0.0171875 0.05416666666666667
0 0.2890625 0.21875 0.015625 0.05
0 0.3015625 0.21562499999999998 0.015625 0.052083333333333336
0 0.3171875 0.21875 0.015625 0.05
0 0.33437500000000003 0.21770833333333334 0.018750000000000003 0.06041666666666667
0 0.42890625000000004 0.21666666666666667 0.0140625 0.04583333333333333
0 0.46171875 0.2125 0.0171875 0.05416666666666667
0 0.48203125 0.2125 0.0140625 0.04583333333333333
0 0.5421875 0.21666666666666667 0.015625 0.05
0 0.5789062500000001 0.221875 0.0140625 0.04791666666666666
0 0.6109375 0.21041666666666667 0.0125 0.041666666666666664
0 0.6257812500000001 0.2125 0.0140625 0.04583333333333333
