0 0.0328125 0.44375 0.034375 0.1125
0 0.07187500000000001 0.4375 0.037500000000000006 0.12083333333333333
0 0.1171875 0.434375 0.028125 0.09375
0 0.1375 0.428125 0.028125 0.09375
0 0.15546875000000002 0.44479166666666664 0.0203125 0.06458333333333333
0 0.18046875 0.4239583333333333 0.026562500000000003 0.08541666666666667
0 0.92109375 0.39479166666666665 0.0328125 0.10625
0 0.7289062500000001 0.409375 0.029687500000000002 0.09791666666666667
0 0.7039062500000001 0.4125 0.026562500000000003 0.0875
0 0.69453125 0.409375 0.0203125 0.06458333333333333
0 0.68515625 0.41770833333333335 0.026562500000000003 0.08541666666666667
0 0.65625 0.41041666666666665 0.025 0.08333333333333333
0 0.96796875 0.3875 0.0328125 0.10833333333333334
