0 0.5867187500000001 0.38958333333333334 0.035937500000000004 0.11666666666666667
0 0.5 0.37395833333333334 0.021875000000000002 0.07291666666666667
0 0.46718750000000003 0.371875 0.021875000000000002 0.07291666666666667
0 0.56875 0.37083333333333335 0.025 0.07916666666666666
0 0.10078125 0.41354166666666664 0.035937500000000004 0.11458333333333333
0 0.11093750000000001 0.41041666666666665 0.03125 0.10416666666666667
0 0.0921875 0.41354166666666664 0.034375 0.11041666666666666
0 0.41796875 0.39166666666666666 0.0328125 0.10833333333333334
0 0.39609375 0.39479166666666665 0.0328125 0.10625
0 0.3921875 0.38958333333333334 0.034375 0.1125
