0 0.09062500000000001 0.39791666666666664 0.046875 0.15
0 0.13671875 0.3989583333333333 0.0421875 0.13541666666666666
0 0.17500000000000002 0.4 0.037500000000000006 0.12083333333333333
0 0.77890625 0.3885416666666667 0.035937500000000004 0.11458333333333333
0 0.75390625 0.38645833333333335 0.0328125 0.10625
0 0.8500000000000001 0.4 0.040625 0.13333333333333333
0 0.8929687500000001 0.3927083333333333 0.0421875 0.13541666666666666
0 0.8125 0.4 0.037500000000000006 0.12083333333333333
0 0.6882812500000001 0.38125 0.0171875 0.058333333333333334
0 0.7250000000000001 0.3833333333333333 0.028125 0.09166666666666666
0 0.64765625 0.3833333333333333 0.0203125 0.06666666666666667
0 0.6351562500000001 0.3854166666666667 0.0171875 0.05416666666666667
