0 0.9343750000000001 0.3729166666666667 0.034375 0.1125
0 0.1078125 0.159375 0.021875000000000002 0.06875
0 0.12734375 0.15625 0.0203125 0.06666666666666667
0 0.16015625 0.15208333333333332 0.0171875 0.05416666666666667
0 0.18359375 0.15416666666666667 0.0171875 0.05416666666666667
0 0.21796875000000002 0.15 0.0203125 0.06666666666666667
0 0.29765625 0.15 0.0203125 0.06666666666666667
0 0.31562500000000004 0.14791666666666667 0.021875000000000002 0.07083333333333333
0 0.38046875 0.14375 0.0203125 0.06666666666666667
0 0.42500000000000004 0.146875 0.021875000000000002 0.07291666666666667
0 0.45625000000000004 0.153125 0.021875000000000002 0.06875
0 0.53515625 0.153125 0.0203125 0.06458333333333333
0 0.58515625 0.15416666666666667 0.0171875 0.05416666666666667
0 0.6273437500000001 0.15 0.0171875 0.058333333333333334
0 0.65 0.14895833333333333 0.018750000000000003 0.06041666666666667
0 0.71875 0.15729166666666666 0.021875000000000002 0.07291666666666667
0 0.7375 0.15520833333333334 0.021875000000000002 0.06875
0 0.89375 0.37083333333333335 0.03125 0.10416666666666667
