0 0.2765625 0.36041666666666666 0.028125 0.09166666666666666
0 0.25625000000000003 0.359375 0.021875000000000002 0.07291666666666667
0 0.2921875 0.353125 0.021875000000000002 0.06875
0 0.31875000000000003 0.3520833333333333 0.018750000000000003 0.0625
0 0.32890625 0.359375 0.0234375 0.07708333333333334
0 0.35859375000000004 0.37916666666666665 0.0140625 0.04583333333333333
0 0.46953125 0.3625 0.0390625 0.12916666666666665
0 0.7132812500000001 0.35833333333333334 0.0421875 0.1375
0 0.84765625 0.36041666666666666 0.0421875 0.1375
0 0.92578125 0.3625 0.0421875 0.1375
