0 0.025781250000000002 0.4302083333333333 0.035937500000000004 0.11875
0 0.09531250000000001 0.42916666666666664 0.034375 0.1125
0 0.096875 0.4458333333333333 0.03125 0.10416666666666667
0 0.11875000000000001 0.42916666666666664 0.025 0.07916666666666666
0 0.12812500000000002 0.440625 0.03125 0.10208333333333333
0 0.25078125 0.48333333333333334 0.11093750000000001 0.3625
0 0.27890625 0.4927083333333333 0.1234375 0.40208333333333335
0 0.51875 0.4125 0.043750000000000004 0.14166666666666666
0 0.54609375 0.4041666666666667 0.0484375 0.15833333333333333
0 0.5875 0.4125 0.07500000000000001 0.24166666666666667
0 0.61328125 0.40729166666666666 0.0671875 0.21875
0 0.6820312500000001 0.409375 0.06406250000000001 0.20625
0 0.78046875 0.40729166666666666 0.07968750000000001 0.2604166666666667
0 0.82578125 0.40520833333333334 0.0765625 0.24791666666666667
0 0.89453125 0.40625 0.051562500000000004 0.16666666666666666
0 0.9343750000000001 0.39375 0.059375000000000004 0.19166666666666665
0 0.97421875 0.40729166666666666 0.0546875 0.17708333333333334
0 0.38515625000000003 0.5791666666666666 0.24531250000000002 0.8
0 0.35078125000000004 0.528125 0.1640625 0.5354166666666667
