0 0.6273437500000001 0.38645833333333335 0.029687500000000002 0.09791666666666667
0 0.33437500000000003 0.39479166666666665 0.03125 0.10208333333333333
0 0.3171875 0.39791666666666664 0.018750000000000003 0.0625
0 0.2921875 0.4010416666666667 0.021875000000000002 0.06875
0 0.225 0.40520833333333334 0.018750000000000003 0.06041666666666667
0 0.19140625 0.403125 0.0234375 0.07708333333333334
0 0.15703125 0.3927083333333333 0.0140625 0.04791666666666666
0 0.09140625000000001 0.396875 0.0203125 0.06458333333333333
0 0.44609375 0.39479166666666665 0.0203125 0.06458333333333333
0 0.4703125 0.390625 0.021875000000000002 0.07291666666666667
