0 0.15390625000000002 0.390625 0.026562500000000003 0.08541666666666667
0 0.26328125 0.37083333333333335 0.0234375 0.075
0 0.628125 0.3677083333333333 0.0125 0.03958333333333333
0 0.63671875 0.36875 0.0171875 0.058333333333333334
0 0.659375 0.36354166666666665 0.021875000000000002 0.06875
0 0.6687500000000001 0.36354166666666665 0.021875000000000002 0.06875
0 0.68125 0.365625 0.021875000000000002 0.07291666666666667
0 0.7015625000000001 0.37083333333333335 0.025 0.07916666666666666
0 0.7273437500000001 0.3770833333333333 0.0171875 0.05416666666666667
0 0.74609375 0.375 0.0234375 0.075
0 0.76875 0.371875 0.028125 0.08958333333333333
0 0.7937500000000001 0.3770833333333333 0.037500000000000006 0.12083333333333333
0 0.81796875 0.375 0.045312500000000006 0.14583333333333334
0 0.8625 0.38125 0.037500000000000006 0.12083333333333333
0 0.9234375 0.38958333333333334 0.040625 0.13333333333333333
0 0.65234375 0.36875 0.0171875 0.058333333333333334
0 0.171875 0.39166666666666666 0.025 0.07916666666666666
0 0.31328125 0.37604166666666666 0.0234375 0.08958333333333333
