0 0.021875000000000002 0.4375 0.037500000000000006 0.12083333333333333
0 0.06406250000000001 0.44166666666666665 0.037500000000000006 0.12083333333333333
0 0.10625000000000001 0.434375 0.040625 0.13125
0 0.15390625000000002 0.42604166666666665 0.026562500000000003 0.08541666666666667
0 0.18515625000000002 0.41770833333333335 0.0203125 0.06458333333333333
0 0.87421875 0.390625 0.0328125 0.10625
0 0.73359375 0.40520833333333334 0.029687500000000002 0.09791666666666667
0 0.7156250000000001 0.409375 0.028125 0.09375
0 0.6960937500000001 0.40729166666666666 0.026562500000000003 0.08541666666666667
0 0.6664062500000001 0.41041666666666665 0.026562500000000003 0.0875
0 0.6414062500000001 0.4083333333333333 0.0203125 0.06666666666666667
0 0.62890625 0.4114583333333333 0.0203125 0.06458333333333333
