0 0.0054687500000000005 0.44895833333333335 0.0328125 0.10625
0 0.06328125 0.4354166666666667 0.060937500000000006 0.2
0 0.115625 0.4145833333333333 0.046875 0.15416666666666667
0 0.09609375 0.42083333333333334 0.0703125 0.22916666666666666
0 0.20625000000000002 0.42083333333333334 0.05 0.1625
0 0.25390625 0.425 0.045312500000000006 0.14583333333333334
0 0.35390625000000003 0.41354166666666664 0.0578125 0.18958333333333333
0 0.39609375 0.4166666666666667 0.0546875 0.17916666666666667
0 0.52890625 0.428125 0.0328125 0.10625
0 0.6953125 0.3875 0.05 0.1625
0 0.73828125 0.425 0.0234375 0.075
0 0.7296875 0.41562499999999997 0.028125 0.09375
0 0.7601562500000001 0.41770833333333335 0.035937500000000004 0.11875
0 0.7898437500000001 0.41875 0.0859375 0.2791666666666667
0 0.8460937500000001 0.40625 0.0390625 0.125
0 0.9007812500000001 0.4197916666666667 0.0859375 0.28125
0 0.9625 0.4375 0.096875 0.3125
0 0.8187500000000001 0.5135416666666667 0.14375000000000002 0.46875
0 0.6734375 0.5125 0.15625 0.5083333333333333
