0 0.51328125 0.5041666666666667 0.20468750000000002 0.6666666666666666
0 0.65390625 0.5010416666666666 0.1796875 0.5854166666666667
0 0.47187500000000004 0.484375 0.12187500000000001 0.39791666666666664
0 0.40078125000000003 0.46249999999999997 0.1171875 0.37916666666666665
0 0.28828125 0.5041666666666667 0.1859375 0.6041666666666666
0 0.1015625 0.5364583333333334 0.178125 0.58125
0 0.32656250000000003 0.47604166666666664 0.15000000000000002 0.48541666666666666
0 0.23203125000000002 0.5666666666666667 0.1015625 0.32916666666666666
0 0.26875 0.484375 0.134375 0.4354166666666667
0 0.06484375 0.41354166666666664 0.1078125 0.3520833333333333
0 0.7953125000000001 0.39375 0.03125 0.10416666666666667
0 0.8109375000000001 0.39375 0.03125 0.10416666666666667
0 0.9203125000000001 0.396875 0.034375 0.11041666666666666
