0 0.5515625000000001 0.396875 0.07187500000000001 0.23541666666666666
0 0.5789062500000001 0.390625 0.07968750000000001 0.2604166666666667
0 0.6156250000000001 0.40625 0.08750000000000001 0.2833333333333333
0 0.6640625 0.3927083333333333 0.078125 0.2520833333333333
0 0.70078125 0.3875 0.0734375 0.2375
0 0.7718750000000001 0.4010416666666667 0.07187500000000001 0.23124999999999998
0 0.80234375 0.38229166666666664 0.0765625 0.24791666666666667
0 0.87265625 0.37916666666666665 0.0890625 0.2916666666666667
0 0.9070312500000001 0.375 0.0671875 0.22083333333333333
0 0.9265625000000001 0.36354166666666665 0.078125 0.25625
0 0.94140625 0.3854166666666667 0.0703125 0.22916666666666666
