0 0.209375 0.39791666666666664 0.018750000000000003 0.0625
0 0.26875 0.3989583333333333 0.015625 0.052083333333333336
0 0.29765625 0.38645833333333335 0.0140625 0.04375
0 0.58984375 0.39479166666666665 0.029687500000000002 0.09791666666666667
0 0.63671875 0.3770833333333333 0.0328125 0.10833333333333334
0 0.6671875 0.38229166666666664 0.03125 0.10208333333333333
0 0.6937500000000001 0.3802083333333333 0.03125 0.10208333333333333
0 0.7265625 0.384375 0.028125 0.09375
0 0.7359375 0.371875 0.028125 0.08958333333333333
0 0.7718750000000001 0.38125 0.03125 0.10416666666666667
0 0.7914062500000001 0.3625 0.029687500000000002 0.09583333333333333
0 0.83515625 0.3614583333333333 0.0328125 0.10625
0 0.8828125 0.3625 0.025 0.08333333333333333
0 0.89453125 0.36666666666666664 0.035937500000000004 0.11666666666666667
