0 0.026562500000000003 0.4125 0.037500000000000006 0.12083333333333333
0 0.043750000000000004 0.42083333333333334 0.034375 0.1125
0 0.05625 0.42916666666666664 0.028125 0.09166666666666666
0 0.0734375 0.42291666666666666 0.025 0.08333333333333333
0 0.1046875 0.40729166666666666 0.040625 0.13125
0 0.15078125 0.4197916666666667 0.0328125 0.10625
0 0.18125000000000002 0.4 0.021875000000000002 0.07083333333333333
0 0.446875 0.3958333333333333 0.03125 0.10416666666666667
0 0.5375 0.3927083333333333 0.037500000000000006 0.12291666666666666
0 0.5578125 0.3958333333333333 0.034375 0.1125
0 0.6125 0.38958333333333334 0.037500000000000006 0.12083333333333333
0 0.6804687500000001 0.390625 0.035937500000000004 0.11458333333333333
0 0.6976562500000001 0.390625 0.0328125 0.10625
0 0.81953125 0.3697916666666667 0.035937500000000004 0.11875
0 0.8851562500000001 0.36875 0.0328125 0.10833333333333334
0 0.9070312500000001 0.3645833333333333 0.035937500000000004 0.11666666666666667
0 0.91796875 0.3885416666666667 0.035937500000000004 0.11458333333333333
0 0.73203125 0.5395833333333333 0.19843750000000002 0.6458333333333334
