0 0.403125 0.3833333333333333 0.040625 0.13333333333333333
0 0.6140625000000001 0.39375 0.034375 0.1125
0 0.80859375 0.378125 0.0390625 0.12708333333333333
0 0.20390625 0.39375 0.026562500000000003 0.0875
0 0.31093750000000003 0.38958333333333334 0.028125 0.09166666666666666
0 0.33515625000000004 0.3833333333333333 0.026562500000000003 0.0875
0 0.07187500000000001 0.390625 0.021875000000000002 0.06875
0 0.04453125 0.3833333333333333 0.0234375 0.075
0 0.17343750000000002 0.39166666666666666 0.03125 0.1
0 0.64765625 0.38645833333333335 0.0234375 0.07708333333333334
