0 0.41875 0.371875 0.0625 0.20208333333333334
0 0.43359375 0.37083333333333335 0.0703125 0.22916666666666666
0 0.45625000000000004 0.40625 0.065625 0.2125
0 0.521875 0.40208333333333335 0.08125 0.26666666666666666
0 0.578125 0.3958333333333333 0.065625 0.2125
0 0.6781250000000001 0.359375 0.078125 0.2520833333333333
0 0.7421875 0.35520833333333335 0.059375000000000004 0.19375
0 0.9031250000000001 0.3875 0.10625000000000001 0.3458333333333333
0 0.92890625 0.359375 0.09531250000000001 0.3104166666666667
0 0.08984375 0.3854166666666667 0.0671875 0.22083333333333333
0 0.1484375 0.3885416666666667 0.065625 0.21458333333333332
0 0.26015625000000003 0.38645833333333335 0.06406250000000001 0.21041666666666667
0 0.340625 0.3802083333333333 0.065625 0.21458333333333332
0 0.3765625 0.378125 0.07187500000000001 0.23541666666666666
0 0.65390625 0.3614583333333333 0.029687500000000002 0.09791666666666667
