0 0.059375000000000004 0.171875 0.018750000000000003 0.06041666666666667
0 0.07265625 0.17708333333333334 0.0140625 0.04583333333333333
0 0.08984375 0.171875 0.0171875 0.05625
0 0.17421875 0.17395833333333333 0.0171875 0.05625
0 0.19140625 0.17083333333333334 0.0171875 0.058333333333333334
0 0.21640625000000002 0.17291666666666666 0.0171875 0.058333333333333334
0 0.40546875000000004 0.16666666666666666 0.0171875 0.05416666666666667
0 0.44453125000000004 0.16458333333333333 0.0203125 0.06666666666666667
0 0.58125 0.17291666666666666 0.015625 0.05
0 0.9234375 0.3572916666666667 0.034375 0.11041666666666666
