0 0.0171875 0.153125 0.015625 0.052083333333333336
0 0.12265625000000001 0.14583333333333334 0.0203125 0.06666666666666667
0 0.14609375 0.14375 0.0203125 0.06666666666666667
0 0.17578125 0.14583333333333334 0.0171875 0.05416666666666667
0 0.19375 0.14270833333333333 0.018750000000000003 0.06041666666666667
0 0.2765625 0.14270833333333333 0.021875000000000002 0.07291666666666667
0 0.30625 0.14375 0.021875000000000002 0.07083333333333333
0 0.35468750000000004 0.14479166666666665 0.018750000000000003 0.06041666666666667
0 0.390625 0.13958333333333334 0.021875000000000002 0.07083333333333333
0 0.43046875 0.1375 0.0234375 0.075
0 0.5320312500000001 0.13958333333333334 0.0171875 0.05416666666666667
0 0.58125 0.14583333333333334 0.018750000000000003 0.0625
0 0.91328125 0.35 0.029687500000000002 0.09583333333333333
