0 0.026562500000000003 0.42916666666666664 0.03125 0.1
0 0.078125 0.5385416666666667 0.16875 0.5479166666666666
0 0.15000000000000002 0.425 0.046875 0.15416666666666667
0 0.19375 0.440625 0.034375 0.11041666666666666
0 0.23125 0.5145833333333333 0.15625 0.5083333333333333
0 0.29296875 0.428125 0.029687500000000002 0.09791666666666667
0 0.30781250000000004 0.42083333333333334 0.034375 0.1125
0 0.32343750000000004 0.41875 0.034375 0.1125
0 0.3453125 0.4125 0.034375 0.1125
0 0.39375000000000004 0.41562499999999997 0.034375 0.11041666666666666
0 0.47890625000000003 0.421875 0.035937500000000004 0.11875
0 0.5593750000000001 0.45 0.13125 0.425
0 0.54140625 0.4791666666666667 0.1234375 0.4
0 0.6101562500000001 0.4114583333333333 0.035937500000000004 0.11458333333333333
0 0.6546875000000001 0.46041666666666664 0.1625 0.5291666666666667
0 0.69453125 0.5 0.15781250000000002 0.5125
0 0.7351562500000001 0.41562499999999997 0.0328125 0.10625
0 0.78046875 0.41041666666666665 0.035937500000000004 0.11666666666666667
0 0.79609375 0.40208333333333335 0.0390625 0.12916666666666665
0 0.92109375 0.4375 0.09531250000000001 0.30833333333333335
0 0.009375000000000001 0.65 0.2 0.65
