0 0.70859375 0.4 0.0421875 0.1375
0 0.6976562500000001 0.4041666666666667 0.0390625 0.12916666666666665
0 0.3328125 0.3875 0.03125 0.1
0 0.2421875 0.3885416666666667 0.028125 0.09375
0 0.19921875 0.38958333333333334 0.029687500000000002 0.09583333333333333
0 0.17734375000000002 0.38645833333333335 0.035937500000000004 0.11458333333333333
0 0.0703125 0.38229166666666664 0.028125 0.08958333333333333
0 0.026562500000000003 0.37604166666666666 0.021875000000000002 0.06875
0 0.81796875 0.39791666666666664 0.0390625 0.125
0 0.8054687500000001 0.38958333333333334 0.0390625 0.125
0 0.4859375 0.38229166666666664 0.05625 0.21041666666666667
