0 0.032031250000000004 0.38958333333333334 0.0546875 0.17916666666666667
0 0.12187500000000001 0.39791666666666664 0.05 0.1625
0 0.7039062500000001 0.37916666666666665 0.026562500000000003 0.0875
0 0.72421875 0.375 0.026562500000000003 0.0875
0 0.753125 0.378125 0.028125 0.09375
0 0.7765625 0.4239583333333333 0.07187500000000001 0.23124999999999998
0 0.86640625 0.3885416666666667 0.045312500000000006 0.14791666666666667
0 0.8695312500000001 0.41041666666666665 0.029687500000000002 0.09583333333333333
0 0.921875 0.403125 0.040625 0.13125
0 0.953125 0.3989583333333333 0.043750000000000004 0.14375
0 0.25625000000000003 0.3625 0.0125 0.041666666666666664
0 0.053125000000000006 0.38958333333333334 0.046875 0.15416666666666667
0 0.08750000000000001 0.39791666666666664 0.046875 0.15
