0 0.06406250000000001 0.4041666666666667 0.053125000000000006 0.175
0 0.09531250000000001 0.4083333333333333 0.05 0.1625
0 0.80390625 0.384375 0.0390625 0.12708333333333333
0 0.83203125 0.38125 0.0390625 0.12916666666666665
0 0.9296875 0.3989583333333333 0.05 0.16041666666666665
0 0.96484375 0.403125 0.0421875 0.13958333333333334
0 0.98359375 0.39166666666666666 0.051562500000000004 0.16666666666666666
0 0.71875 0.38125 0.021875000000000002 0.07083333333333333
0 0.66171875 0.3770833333333333 0.0203125 0.06666666666666667
0 0.6507812500000001 0.3802083333333333 0.0171875 0.05625
0 0.7828125 0.38229166666666664 0.034375 0.11041666666666666
0 0.7523437500000001 0.38125 0.0328125 0.10833333333333334
