0 0.403125 0.36666666666666664 0.040625 0.13333333333333333
0 0.5296875 0.3729166666666667 0.043750000000000004 0.14166666666666666
0 0.5789062500000001 0.3614583333333333 0.0484375 0.15625
0 0.6390625000000001 0.3833333333333333 0.046875 0.15416666666666667
0 0.68359375 0.37916666666666665 0.0484375 0.15833333333333333
0 0.70703125 0.371875 0.0484375 0.15625
0 0.7625000000000001 0.3833333333333333 0.046875 0.15
0 0.8226562500000001 0.38229166666666664 0.0546875 0.17708333333333334
0 0.884375 0.371875 0.0625 0.20208333333333334
0 0.93515625 0.38125 0.06406250000000001 0.20833333333333334
