0 0.28984375 0.36875 0.0390625 0.125
0 0.3125 0.371875 0.034375 0.11041666666666666
0 0.3328125 0.37604166666666666 0.034375 0.11041666666666666
0 0.37421875000000004 0.3802083333333333 0.0328125 0.10625
0 0.39296875000000003 0.37916666666666665 0.035937500000000004 0.11666666666666667
0 0.42421875000000003 0.3677083333333333 0.0328125 0.10625
0 0.46171875 0.3854166666666667 0.035937500000000004 0.11666666666666667
0 0.521875 0.37916666666666665 0.040625 0.13333333333333333
0 0.5710937500000001 0.3614583333333333 0.035937500000000004 0.11875
0 0.596875 0.3770833333333333 0.046875 0.15
0 0.6648437500000001 0.36875 0.0328125 0.10833333333333334
0 0.76171875 0.38229166666666664 0.0421875 0.13958333333333334
0 0.21796875000000002 0.365625 0.029687500000000002 0.08958333333333333
0 0.20390625 0.37604166666666666 0.0421875 0.13125
