0 0.0140625 0.4354166666666667 0.03125 0.10416666666666667
0 0.07265625 0.434375 0.0328125 0.10625
0 0.0921875 0.45208333333333334 0.021875000000000002 0.07083333333333333
0 0.1171875 0.4239583333333333 0.043750000000000004 0.14375
0 0.15390625000000002 0.42604166666666665 0.0421875 0.13958333333333334
0 0.1703125 0.421875 0.021875000000000002 0.06875
0 0.17890625000000002 0.41770833333333335 0.0203125 0.06458333333333333
0 0.19765625 0.41770833333333335 0.0234375 0.07708333333333334
0 0.284375 0.41770833333333335 0.043750000000000004 0.14375
0 0.63828125 0.41354166666666664 0.026562500000000003 0.08541666666666667
0 0.671875 0.40208333333333335 0.03125 0.10416666666666667
0 0.7273437500000001 0.4197916666666667 0.0328125 0.10625
0 0.7468750000000001 0.4083333333333333 0.034375 0.1125
0 0.7718750000000001 0.4114583333333333 0.034375 0.11041666666666666
0 0.790625 0.4 0.034375 0.1125
0 0.9148437500000001 0.3875 0.035937500000000004 0.11666666666666667
