0 0.0625 0.44375 0.034375 0.1125
0 0.09531250000000001 0.434375 0.028125 0.08958333333333333
0 0.1125 0.43124999999999997 0.028125 0.09166666666666666
0 0.14609375 0.4197916666666667 0.0234375 0.07708333333333334
0 0.1796875 0.4197916666666667 0.021875000000000002 0.07291666666666667
0 0.6453125000000001 0.4145833333333333 0.025 0.07916666666666666
0 0.6687500000000001 0.40520833333333334 0.025 0.08125
0 0.6796875 0.4166666666666667 0.025 0.07916666666666666
0 0.6960937500000001 0.41041666666666665 0.0234375 0.075
0 0.7109375 0.4083333333333333 0.025 0.07916666666666666
