0 0.0171875 0.10416666666666667 0.021875000000000002 0.07083333333333333
0 0.09921875000000001 0.103125 0.0203125 0.06458333333333333
0 0.15234375 0.096875 0.0234375 0.07708333333333334
0 0.18359375 0.09895833333333333 0.0234375 0.07708333333333334
0 0.24453125 0.096875 0.026562500000000003 0.08541666666666667
0 0.42500000000000004 0.090625 0.025 0.08125
0 0.60859375 0.10416666666666667 0.0234375 0.075
0 0.6453125000000001 0.1 0.021875000000000002 0.07083333333333333
0 0.690625 0.10520833333333333 0.021875000000000002 0.06875
0 0.7562500000000001 0.09895833333333333 0.021875000000000002 0.06875
0 0.7828125 0.09791666666666667 0.021875000000000002 0.07083333333333333
0 0.88046875 0.10416666666666667 0.026562500000000003 0.0875
0 0.9078125 0.10833333333333334 0.025 0.07916666666666666
