0 0.0171875 0.4125 0.03125 0.1
0 0.0390625 0.40625 0.03125 0.1
0 0.065625 0.4041666666666667 0.034375 0.1125
0 0.10078125 0.396875 0.0328125 0.10625
0 0.178125 0.3927083333333333 0.03125 0.10208333333333333
0 0.19687500000000002 0.3927083333333333 0.03125 0.10208333333333333
0 0.215625 0.390625 0.028125 0.09375
0 0.23750000000000002 0.39166666666666666 0.034375 0.1125
0 0.2609375 0.3885416666666667 0.034375 0.11041666666666666
0 0.26953125 0.3958333333333333 0.026562500000000003 0.0875
0 0.7953125000000001 0.371875 0.034375 0.11041666666666666
0 0.84296875 0.3645833333333333 0.026562500000000003 0.0875
0 0.87109375 0.359375 0.029687500000000002 0.09791666666666667
