0 0.09453125000000001 0.3833333333333333 0.0171875 0.058333333333333334
0 0.14921875 0.3875 0.0203125 0.06666666666666667
0 0.19062500000000002 0.3854166666666667 0.018750000000000003 0.0625
0 0.21640625000000002 0.384375 0.0203125 0.06458333333333333
0 0.26015625000000003 0.3854166666666667 0.0171875 0.058333333333333334
0 0.55 0.39375 0.028125 0.09166666666666666
0 0.63984375 0.3958333333333333 0.029687500000000002 0.09583333333333333
0 0.6742187500000001 0.3958333333333333 0.026562500000000003 0.0875
0 0.8031250000000001 0.4 0.034375 0.1125
0 0.8359375 0.3958333333333333 0.037500000000000006 0.12083333333333333
0 0.91015625 0.41041666666666665 0.0421875 0.1375
0 0.039843750000000004 0.3802083333333333 0.0203125 0.07291666666666667
