0 0.0140625 0.5625 0.203125 0.6583333333333333
0 0.08046875 0.5208333333333334 0.1296875 0.42083333333333334
0 0.13203125000000002 0.4791666666666667 0.1171875 0.3833333333333333
0 0.19609375 0.49166666666666664 0.1296875 0.42083333333333334
0 0.2703125 0.42604166666666665 0.059375000000000004 0.19375
0 0.33046875000000003 0.421875 0.0578125 0.18958333333333333
0 0.3828125 0.41354166666666664 0.0625 0.20208333333333334
0 0.4296875 0.4145833333333333 0.0625 0.20416666666666666
0 0.48750000000000004 0.4083333333333333 0.065625 0.2125
0 0.53046875 0.40729166666666666 0.06406250000000001 0.21041666666666667
0 0.58515625 0.41041666666666665 0.0578125 0.1875
0 0.6468750000000001 0.4822916666666667 0.153125 0.4979166666666667
0 0.7078125000000001 0.40625 0.07500000000000001 0.24166666666666667
0 0.7351562500000001 0.4041666666666667 0.0671875 0.21666666666666667
0 0.6640625 0.5135416666666667 0.1625 0.5270833333333333
0 0.8718750000000001 0.4083333333333333 0.046875 0.15416666666666667
0 0.9078125 0.3989583333333333 0.05625 0.18125
0 0.94453125 0.4 0.051562500000000004 0.16666666666666666
0 0.9609375 0.40208333333333335 0.046875 0.15416666666666667
