0 0.02109375 0.4427083333333333 0.035937500000000004 0.11458333333333333
0 0.037500000000000006 0.4322916666666667 0.03125 0.10208333333333333
0 0.0578125 0.440625 0.034375 0.11041666666666666
0 0.06406250000000001 0.4583333333333333 0.025 0.07916666666666666
0 0.15390625000000002 0.41770833333333335 0.045312500000000006 0.14791666666666667
0 0.18828125 0.421875 0.0421875 0.13958333333333334
0 0.36953125000000003 0.41354166666666664 0.045312500000000006 0.14791666666666667
0 0.6359375 0.41354166666666664 0.028125 0.08958333333333333
0 0.66953125 0.3989583333333333 0.0328125 0.10625
0 0.7132812500000001 0.409375 0.0328125 0.10625
0 0.73984375 0.4145833333333333 0.0328125 0.10833333333333334
0 0.7609375 0.4145833333333333 0.037500000000000006 0.12083333333333333
0 0.7820312500000001 0.4114583333333333 0.035937500000000004 0.11458333333333333
0 0.8562500000000001 0.3958333333333333 0.034375 0.1125
0 0.9265625000000001 0.39375 0.03125 0.10416666666666667
0 0.96796875 0.403125 0.0234375 0.07708333333333334
