0 0.1921875 0.396875 0.021875000000000002 0.06875
0 0.13125 0.40625 0.03125 0.1
0 0.010937500000000001 0.4114583333333333 0.03125 0.10208333333333333
0 0.028125 0.403125 0.03125 0.10208333333333333
0 0.043750000000000004 0.41875 0.028125 0.09166666666666666
0 0.08046875 0.40520833333333334 0.035937500000000004 0.11875
0 0.10312500000000001 0.403125 0.028125 0.08958333333333333
0 0.0625 0.4239583333333333 0.025 0.08125
0 0.5203125000000001 0.3875 0.034375 0.1125
0 0.59296875 0.3854166666666667 0.0328125 0.10833333333333334
0 0.6195312500000001 0.390625 0.0328125 0.10625
0 0.64609375 0.38645833333333335 0.035937500000000004 0.11458333333333333
0 0.7000000000000001 0.3833333333333333 0.03125 0.10416666666666667
0 0.73984375 0.38229166666666664 0.0328125 0.10625
0 0.7578125 0.38958333333333334 0.03125 0.10416666666666667
0 0.775 0.37083333333333335 0.037500000000000006 0.12083333333333333
0 0.83984375 0.36354166666666665 0.035937500000000004 0.11875
0 0.91015625 0.37083333333333335 0.0421875 0.1375
0 0.99375 0.4375 0.115625 0.375
