0 0.059375000000000004 0.43333333333333335 0.040625 0.13333333333333333
0 0.09453125000000001 0.43645833333333334 0.0390625 0.12708333333333333
0 0.13515625 0.43645833333333334 0.0234375 0.07708333333333334
0 0.11328125 0.44166666666666665 0.0171875 0.058333333333333334
0 0.15546875000000002 0.42604166666666665 0.0421875 0.13541666666666666
0 0.6375000000000001 0.4114583333333333 0.021875000000000002 0.07291666666666667
0 0.6828125 0.41875 0.028125 0.09166666666666666
0 0.7156250000000001 0.4114583333333333 0.03125 0.10208333333333333
0 0.74375 0.4041666666666667 0.03125 0.10416666666666667
0 0.8328125000000001 0.39375 0.03125 0.10416666666666667
0 0.8812500000000001 0.3875 0.034375 0.1125
