0 0.30546875 0.3958333333333333 0.0171875 0.05416666666666667
0 0.284375 0.390625 0.018750000000000003 0.06041666666666667
0 0.27109375 0.39375 0.0171875 0.05416666666666667
0 0.253125 0.4010416666666667 0.015625 0.052083333333333336
0 0.23515625 0.403125 0.0171875 0.05625
0 0.21484375 0.4 0.0171875 0.058333333333333334
0 0.17500000000000002 0.403125 0.018750000000000003 0.06041666666666667
0 0.1078125 0.396875 0.015625 0.052083333333333336
0 0.08984375 0.409375 0.0140625 0.04375
0 0.9078125 0.39375 0.046875 0.12916666666666665
