0 0.15078125 0.428125 0.0328125 0.10625
0 0.1234375 0.42916666666666664 0.025 0.08333333333333333
0 0.16718750000000002 0.4354166666666667 0.03125 0.10416666666666667
0 0.18984375 0.4302083333333333 0.0328125 0.10625
0 0.21875 0.4197916666666667 0.034375 0.11041666666666666
0 0.0921875 0.49583333333333335 0.15937500000000002 0.5208333333333334
0 0.055468750000000004 0.521875 0.1640625 0.53125
0 0.26015625000000003 0.4114583333333333 0.0546875 0.17708333333333334
0 0.28125 0.42291666666666666 0.040625 0.13333333333333333
0 0.309375 0.41041666666666665 0.053125000000000006 0.175
0 0.36250000000000004 0.41562499999999997 0.05625 0.18541666666666667
0 0.33671875 0.4114583333333333 0.051562500000000004 0.16875
0 0.40937500000000004 0.40625 0.043750000000000004 0.14166666666666666
0 0.38125000000000003 0.409375 0.037500000000000006 0.12291666666666666
0 0.45859375 0.40729166666666666 0.0734375 0.23958333333333334
0 0.45546875000000003 0.4895833333333333 0.1203125 0.39166666666666666
0 0.49609375 0.4083333333333333 0.0578125 0.1875
0 0.51015625 0.38229166666666664 0.0484375 0.15625
0 0.55390625 0.41041666666666665 0.0390625 0.12916666666666665
0 0.5796875 0.40729166666666666 0.043750000000000004 0.14375
0 0.6046875 0.3989583333333333 0.046875 0.15208333333333332
0 0.7015625000000001 0.40520833333333334 0.06875 0.22291666666666665
0 0.7718750000000001 0.40520833333333334 0.065625 0.21458333333333332
0 0.8835937500000001 0.403125 0.08281250000000001 0.26875
0 0.9421875000000001 0.5708333333333333 0.2625 0.8541666666666666
