0 0.25546875 0.37395833333333334 0.0203125 0.06458333333333333
0 0.3171875 0.3645833333333333 0.021875000000000002 0.07083333333333333
0 0.353125 0.36875 0.028125 0.09166666666666666
0 0.340625 0.37395833333333334 0.021875000000000002 0.06875
0 0.36562500000000003 0.359375 0.03125 0.10208333333333333
0 0.38046875 0.3614583333333333 0.035937500000000004 0.11458333333333333
0 0.40156250000000004 0.38125 0.040625 0.13333333333333333
0 0.4265625 0.384375 0.046875 0.15208333333333332
0 0.48671875000000003 0.3927083333333333 0.0765625 0.24791666666666667
0 0.6125 0.39166666666666666 0.07187500000000001 0.23333333333333334
