0 0.33125000000000004 0.39791666666666664 0.025 0.08333333333333333
0 0.83359375 0.38229166666666664 0.0203125 0.06458333333333333
0 0.82421875 0.38125 0.0203125 0.06666666666666667
0 0.70625 0.3885416666666667 0.018750000000000003 0.06041666666666667
0 0.5828125000000001 0.3875 0.025 0.07916666666666666
0 0.578125 0.39166666666666666 0.021875000000000002 0.07083333333333333
0 0.44296875 0.39791666666666664 0.0171875 0.058333333333333334
0 0.43515625 0.3958333333333333 0.0171875 0.058333333333333334
0 0.47265625 0.396875 0.0203125 0.06458333333333333
0 0.22187500000000002 0.4010416666666667 0.018750000000000003 0.06041666666666667
0 0.253125 0.39479166666666665 0.015625 0.052083333333333336
0 0.06406250000000001 0.38958333333333334 0.021875000000000002 0.07083333333333333
0 0.3828125 0.39791666666666664 0.015625 0.05
0 0.30546875 0.40208333333333335 0.0171875 0.058333333333333334
0 0.28984375 0.4010416666666667 0.0171875 0.05625
0 0.27890625 0.39375 0.0171875 0.05416666666666667
0 0.17500000000000002 0.396875 0.015625 0.052083333333333336
