0 0.0171875 0.4302083333333333 0.040625 0.13125
0 0.0421875 0.43645833333333334 0.028125 0.08958333333333333
0 0.06796875000000001 0.44375 0.035937500000000004 0.11666666666666667
0 0.16640625 0.4302083333333333 0.0203125 0.06458333333333333
0 0.1921875 0.41875 0.046875 0.15
0 0.22109375 0.41770833333333335 0.045312500000000006 0.14791666666666667
0 0.45 0.4083333333333333 0.046875 0.15416666666666667
0 0.64375 0.4197916666666667 0.028125 0.08958333333333333
0 0.66953125 0.396875 0.035937500000000004 0.11458333333333333
0 0.7039062500000001 0.409375 0.0328125 0.10625
0 0.7289062500000001 0.4083333333333333 0.026562500000000003 0.0875
0 0.7507812500000001 0.4145833333333333 0.0328125 0.10833333333333334
0 0.7703125000000001 0.41041666666666665 0.034375 0.1125
0 0.79296875 0.41354166666666664 0.035937500000000004 0.11458333333333333
0 0.8679687500000001 0.39375 0.035937500000000004 0.11666666666666667
0 0.95703125 0.390625 0.035937500000000004 0.11875
