0 0.02734375 0.3989583333333333 0.0390625 0.12708333333333333
0 0.078125 0.40625 0.037500000000000006 0.12083333333333333
0 0.1046875 0.38958333333333334 0.037500000000000006 0.12083333333333333
0 0.1921875 0.3802083333333333 0.037500000000000006 0.12291666666666666
0 0.21250000000000002 0.3770833333333333 0.03125 0.10416666666666667
0 0.22968750000000002 0.3729166666666667 0.03125 0.10416666666666667
0 0.25859375 0.37083333333333335 0.035937500000000004 0.11666666666666667
0 0.259375 0.390625 0.03125 0.10208333333333333
0 0.284375 0.3770833333333333 0.040625 0.13333333333333333
0 0.4765625 0.378125 0.037500000000000006 0.12291666666666666
0 0.74140625 0.3572916666666667 0.035937500000000004 0.11875
0 0.84765625 0.35625 0.0421875 0.1375
0 0.8859375 0.3645833333333333 0.043750000000000004 0.14166666666666666
0 0.9539062500000001 0.346875 0.0421875 0.13958333333333334
