0 0.0078125 0.171875 0.025 0.08125
0 0.06406250000000001 0.17291666666666666 0.025 0.07916666666666666
0 0.1046875 0.16666666666666666 0.021875000000000002 0.07083333333333333
0 0.15390625000000002 0.16458333333333333 0.026562500000000003 0.0875
0 0.17500000000000002 0.16041666666666665 0.025 0.07916666666666666
0 0.1953125 0.165625 0.025 0.08125
0 0.2390625 0.16145833333333334 0.025 0.08125
0 0.27421875 0.1625 0.0234375 0.075
0 0.37343750000000003 0.15833333333333333 0.025 0.07916666666666666
0 0.45703125 0.16145833333333334 0.0234375 0.07708333333333334
0 0.51796875 0.16145833333333334 0.0234375 0.07708333333333334
0 0.54453125 0.16458333333333333 0.0203125 0.06666666666666667
0 0.5609375 0.16458333333333333 0.021875000000000002 0.07083333333333333
0 0.6421875 0.16354166666666667 0.021875000000000002 0.07291666666666667
0 0.6664062500000001 0.16458333333333333 0.0234375 0.075
0 0.7421875 0.171875 0.025 0.08125
0 0.7671875 0.16770833333333332 0.021875000000000002 0.07291666666666667
