0 0.0125 0.153125 0.021875000000000002 0.07291666666666667
0 0.05 0.14895833333333333 0.025 0.08125
0 0.0671875 0.15520833333333334 0.021875000000000002 0.07291666666666667
0 0.109375 0.14791666666666667 0.025 0.07916666666666666
0 0.15546875000000002 0.14895833333333333 0.026562500000000003 0.08541666666666667
0 0.17265625 0.140625 0.026562500000000003 0.08541666666666667
0 0.19375 0.14791666666666667 0.025 0.07916666666666666
0 0.22265625 0.14791666666666667 0.0234375 0.075
0 0.24296875 0.14166666666666666 0.026562500000000003 0.0875
0 0.2828125 0.14583333333333334 0.025 0.08333333333333333
0 0.31015625 0.14166666666666666 0.026562500000000003 0.0875
0 0.39453125 0.13645833333333332 0.026562500000000003 0.08541666666666667
0 0.4546875 0.14270833333333333 0.028125 0.09375
0 0.49296875 0.14375 0.026562500000000003 0.0875
0 0.5554687500000001 0.14375 0.026562500000000003 0.0875
0 0.6359375 0.15 0.021875000000000002 0.07083333333333333
0 0.69140625 0.146875 0.026562500000000003 0.08541666666666667
0 0.71484375 0.14479166666666665 0.026562500000000003 0.08541666666666667
0 0.7984375 0.14375 0.025 0.07916666666666666
0 0.8250000000000001 0.15104166666666666 0.021875000000000002 0.07291666666666667
