0 0.13203125000000002 0.39166666666666666 0.0328125 0.10833333333333334
0 0.15625 0.39166666666666666 0.03125 0.10416666666666667
0 0.8171875000000001 0.375 0.037500000000000006 0.12083333333333333
0 0.8359375 0.38229166666666664 0.034375 0.11041666666666666
0 0.8859375 0.39791666666666664 0.034375 0.1125
0 0.9265625000000001 0.39166666666666666 0.043750000000000004 0.14166666666666666
0 0.8625 0.375 0.025 0.07916666666666666
0 0.56875 0.378125 0.034375 0.09375
0 0.055468750000000004 0.38645833333333335 0.0234375 0.08125
0 0.31015625 0.3770833333333333 0.026562500000000003 0.0625
