0 0.10625000000000001 0.40625 0.028125 0.09166666666666666
0 0.1265625 0.4083333333333333 0.025 0.07916666666666666
0 0.140625 0.3989583333333333 0.028125 0.08958333333333333
0 0.153125 0.3989583333333333 0.028125 0.09375
0 0.1921875 0.40729166666666666 0.025 0.08125
0 0.2234375 0.39791666666666664 0.028125 0.09166666666666666
0 0.40468750000000003 0.396875 0.028125 0.08958333333333333
0 0.9828125000000001 0.38229166666666664 0.037500000000000006 0.12291666666666666
0 0.95625 0.38125 0.034375 0.1125
0 0.8031250000000001 0.375 0.025 0.07916666666666666
0 0.8562500000000001 0.38958333333333334 0.03125 0.1
0 0.8796875000000001 0.3854166666666667 0.03125 0.1
0 0.9281250000000001 0.41562499999999997 0.05 0.16041666666666665
0 0.9281250000000001 0.41562499999999997 0.037500000000000006 0.17708333333333334
