0 0.00390625 0.409375 0.0234375 0.07708333333333334
0 0.02734375 0.4145833333333333 0.0234375 0.075
0 0.05078125 0.40520833333333334 0.0234375 0.07708333333333334
0 0.08671875000000001 0.3885416666666667 0.0171875 0.05625
0 0.209375 0.3854166666666667 0.015625 0.05
0 0.6953125 0.3854166666666667 0.028125 0.09166666666666666
0 0.7117187500000001 0.37604166666666666 0.0328125 0.10625
0 0.7250000000000001 0.3802083333333333 0.03125 0.10208333333333333
0 0.9390625 0.3833333333333333 0.037500000000000006 0.12083333333333333
0 0.9578125000000001 0.3927083333333333 0.046875 0.15208333333333332
0 0.7835937500000001 0.371875 0.0234375 0.07708333333333334
