0 0.06015625 0.4354166666666667 0.0328125 0.10833333333333334
0 0.13515625 0.4354166666666667 0.0390625 0.125
0 0.16484375 0.43333333333333335 0.035937500000000004 0.11666666666666667
0 0.203125 0.421875 0.05 0.16041666666666665
0 0.23046875 0.42083333333333334 0.035937500000000004 0.11666666666666667
0 0.2609375 0.4197916666666667 0.05 0.16458333333333333
0 0.30546875 0.4197916666666667 0.0546875 0.17708333333333334
0 0.33437500000000003 0.428125 0.03125 0.10208333333333333
0 0.37265625 0.41354166666666664 0.051562500000000004 0.16875
0 0.40859375000000003 0.409375 0.06406250000000001 0.20625
0 0.44921875 0.41770833333333335 0.035937500000000004 0.11458333333333333
0 0.46953125 0.4166666666666667 0.0328125 0.10833333333333334
0 0.52578125 0.390625 0.0578125 0.18958333333333333
0 0.5671875000000001 0.5458333333333333 0.203125 0.6583333333333333
0 0.6671875 0.5 0.11875000000000001 0.3875
0 0.6257812500000001 0.5885416666666666 0.2421875 0.7895833333333333
0 0.7992187500000001 0.40729166666666666 0.0765625 0.24791666666666667
0 0.8718750000000001 0.4114583333333333 0.07187500000000001 0.23541666666666666
0 0.95625 0.41354166666666664 0.05625 0.18541666666666667
0 0.9929687500000001 0.584375 0.21406250000000002 0.6979166666666666
