0 0.8296875 0.328125 0.053125000000000006 0.17291666666666666
0 0.7734375 0.3375 0.053125000000000006 0.175
0 0.6359375 0.325 0.037500000000000006 0.12083333333333333
0 0.45937500000000003 0.33958333333333335 0.05625 0.18333333333333332
0 0.29140625000000003 0.31354166666666666 0.0328125 0.10625
0 0.20468750000000002 0.31979166666666664 0.028125 0.09375
0 0.18281250000000002 0.321875 0.025 0.08125
0 0.16015625 0.321875 0.0234375 0.07708333333333334
0 0.14140625 0.3208333333333333 0.0234375 0.075
0 0.05234375 0.3145833333333333 0.0203125 0.06666666666666667
0 0.017968750000000002 0.334375 0.0203125 0.06458333333333333
0 0.029687500000000002 0.32395833333333335 0.018750000000000003 0.06041666666666667
0 0.01015625 0.3177083333333333 0.0203125 0.06458333333333333
