0 0.37031250000000004 0.38125 0.034375 0.1125
0 0.14921875 0.37395833333333334 0.0328125 0.10625
0 0.7609375 0.3854166666666667 0.03125 0.10416666666666667
0 0.61328125 0.3833333333333333 0.0578125 0.1875
0 0.21406250000000002 0.3833333333333333 0.037500000000000006 0.12083333333333333
0 0.20546875 0.3833333333333333 0.0390625 0.125
0 0.82421875 0.403125 0.045312500000000006 0.14791666666666667
0 0.83359375 0.396875 0.0484375 0.15625
0 0.8562500000000001 0.39479166666666665 0.046875 0.15208333333333332
0 0.87109375 0.403125 0.0421875 0.13958333333333334
0 0.925 0.3958333333333333 0.05 0.1625
0 0.9398437500000001 0.4 0.051562500000000004 0.16666666666666666
0 0.9867187500000001 0.39479166666666665 0.0421875 0.13541666666666666
