0 0.13203125000000002 0.23124999999999998 0.010937500000000001 0.0375
0 0.1453125 0.23229166666666667 0.0125 0.03958333333333333
0 0.15859375 0.23124999999999998 0.010937500000000001 0.0375
0 0.23515625 0.22916666666666666 0.0140625 0.04583333333333333
0 0.3359375 0.23333333333333334 0.0125 0.041666666666666664
0 0.35078125000000004 0.23229166666666667 0.0140625 0.04791666666666666
0 0.38828125 0.23333333333333334 0.0171875 0.05416666666666667
0 0.49453125000000003 0.22916666666666666 0.0171875 0.05416666666666667
0 0.54296875 0.234375 0.0140625 0.04375
0 0.5671875000000001 0.234375 0.0125 0.03958333333333333
0 0.59140625 0.23645833333333333 0.0140625 0.04375
