0 0.15390625000000002 0.23541666666666666 0.010937500000000001 0.0375
0 0.1640625 0.240625 0.0125 0.03958333333333333
0 0.19609375 0.23854166666666665 0.0140625 0.04375
0 0.24296875 0.23333333333333334 0.010937500000000001 0.0375
0 0.26484375 0.23958333333333334 0.010937500000000001 0.03333333333333333
0 0.2765625 0.23333333333333334 0.0125 0.041666666666666664
0 0.29453125 0.234375 0.0140625 0.04375
0 0.39296875000000003 0.23541666666666666 0.0140625 0.04583333333333333
0 0.47187500000000004 0.23645833333333333 0.0125 0.03958333333333333
0 0.48750000000000004 0.23541666666666666 0.0125 0.041666666666666664
0 0.51328125 0.23854166666666665 0.0140625 0.04375
0 0.5328125 0.23854166666666665 0.0125 0.03958333333333333
0 0.54609375 0.2375 0.0140625 0.04583333333333333
0 0.55859375 0.23854166666666665 0.0140625 0.04375
0 0.57265625 0.23541666666666666 0.010937500000000001 0.0375
0 0.58828125 0.2375 0.010937500000000001 0.0375
