0 0.0140625 0.49895833333333334 0.12812500000000002 0.4145833333333333
0 0.060937500000000006 0.41875 0.037500000000000006 0.12083333333333333
0 0.084375 0.43124999999999997 0.03125 0.1
0 0.11015625000000001 0.4270833333333333 0.0390625 0.12916666666666665
0 0.1765625 0.421875 0.021875000000000002 0.06875
0 0.19062500000000002 0.4145833333333333 0.018750000000000003 0.0625
0 0.19843750000000002 0.4125 0.018750000000000003 0.0625
0 0.22812500000000002 0.4166666666666667 0.046875 0.15416666666666667
0 0.25625000000000003 0.41562499999999997 0.046875 0.15208333333333332
0 0.484375 0.409375 0.05 0.16458333333333333
0 0.640625 0.40208333333333335 0.025 0.08333333333333333
0 0.65546875 0.40625 0.026562500000000003 0.0875
0 0.70234375 0.4083333333333333 0.029687500000000002 0.09583333333333333
0 0.72578125 0.40208333333333335 0.0328125 0.10833333333333334
0 0.6734375 0.403125 0.028125 0.08958333333333333
0 0.7468750000000001 0.4083333333333333 0.037500000000000006 0.12083333333333333
0 0.7679687500000001 0.409375 0.035937500000000004 0.11875
0 0.7992187500000001 0.40520833333333334 0.035937500000000004 0.11875
0 0.8109375000000001 0.403125 0.034375 0.11041666666666666
0 0.88984375 0.38958333333333334 0.0390625 0.125
0 0.87421875 0.3854166666666667 0.035937500000000004 0.11666666666666667
