0 0.08046875 0.37916666666666665 0.0203125 0.06666666666666667
0 0.1296875 0.38125 0.015625 0.05
0 0.31640625 0.390625 0.0140625 0.04791666666666666
0 0.3359375 0.39791666666666664 0.0125 0.041666666666666664
0 0.359375 0.3885416666666667 0.018750000000000003 0.06041666666666667
0 0.41640625000000003 0.3885416666666667 0.0203125 0.06458333333333333
0 0.56796875 0.39375 0.0234375 0.075
0 0.6312500000000001 0.40208333333333335 0.025 0.08333333333333333
0 0.66796875 0.4010416666666667 0.0234375 0.07708333333333334
0 0.759375 0.3989583333333333 0.028125 0.09375
0 0.78125 0.3927083333333333 0.03125 0.10208333333333333
0 0.83984375 0.40625 0.0328125 0.10833333333333334
0 0.9 0.4083333333333333 0.03125 0.10416666666666667
0 0.9695312500000001 0.41770833333333335 0.035937500000000004 0.11875
